[[ 1.37027281e-02  1.58557692e-02 -1.75653154e-01 ...  3.94283077e-02
   2.08715385e-03  4.34726238e+00]
 [ 1.36960785e-02  1.58557692e-02 -2.15081462e-01 ...  4.46436923e-02
  -7.92638462e-03  4.80335849e+00]
 [ 1.34892885e-02  1.83591538e-02 -2.15081462e-01 ...  4.13058462e-02
  -1.36633077e-02  4.69025455e+00]
 ...
 [ 1.58189767e-02  2.17023333e-02 -4.34694300e+00 ...  1.24365333e-01
  -1.59420333e-01  3.85948197e+01]
 [ 1.65806100e-02  2.87970000e-02 -5.73332433e+00 ...  2.12422667e-01
   2.67511667e-01  5.42141352e+01]
 [ 1.54292917e-02  1.83636667e-02 -2.04743633e+00 ...  1.16853333e-01
   6.26100000e-03  2.39133014e+01]]
